512   636.96   1728   
512   623.0933333333334   1696   
512   643.1466666666666   1728   
512   667.8933333333333   1728   
512   654.5066666666667   2168   
512   585.6533333333333   1176   
512   644.48   1544   
512   704.56   1544   
512   809.44   1976   
512   941.5466666666666   1976   
512   1053.1733333333334   1976   
512   1133.9733333333334   5544   
512   1239.6266666666668   5560   
512   1393.68   5520   
512   1551.12   6464   
512   1822.8266666666666   16472   
512   2167.786666666667   26480   
512   3268.88   36488   
512   4366.613333333334   18352   
512   6670.613333333334   46496   
512   650.6666666666666   2168   
512   589.1466666666666   1592   
512   668.3466666666667   2424   
512   740.7733333333333   2856   
512   886.2666666666667   2856   
512   1071.1466666666668   2864   
512   1275.12   6344   
512   1480.32   8536   
512   1750.16   8520   
512   1988.2666666666667   8480   
512   2264.9866666666667   8512   
512   2674.7733333333335   8544   
512   3023.4666666666667   8536   
512   3377.44   8528   
512   4117.92   8568   
512   4399.946666666667   8568   
512   5022.506666666667   8600   
512   5472.16   8608   
512   5538.56   8616   
512   4334.72   8240   
512   636.0   1728   
512   594.6666666666666   1544   
512   687.8666666666667   1976   
512   782.7733333333333   1984   
512   898.4   1984   
512   1013.8133333333334   1992   
512   1090.88   2000   
512   1102.1333333333334   1992   
512   1215.7866666666666   6376   
512   1339.7333333333333   6320   
512   1503.52   13280   
512   1909.12   13264   
512   2354.7466666666664   18096   
512   3127.84   18080   
512   3764.266666666667   18112   
512   4367.706666666667   18184   
512   6024.666666666667   18224   
512   6479.253333333333   18280   
512   7902.586666666667   18432   
512   8507.573333333334   18472   
512   622.6133333333333   1720   
512   587.4933333333333   1544   
512   698.1866666666666   1504   
512   730.2933333333333   1968   
512   854.6666666666666   1968   
512   953.7333333333333   1992   
512   1037.9733333333334   1992   
512   1059.28   1984   
512   1100.0266666666666   1984   
512   1179.3066666666666   6360   
512   1263.28   6320   
512   1338.9066666666668   6432   
512   1685.2   6496   
512   2019.5466666666666   6488   
512   2157.4933333333333   8072   
512   610.1333333333333   1288   
512   572.0266666666666   1544   
512   632.24   1984   
512   664.0   1984   
512   726.88   2840   
512   810.0533333333333   2856   
512   886.6133333333333   2864   
512   994.6933333333334   5584   
512   1045.12   5576   
512   1082.2933333333333   5544   
512   1142.1066666666666   5568   
512   1200.3466666666666   5592   
512   637.8133333333334   1728   
512   579.8133333333334   1544   
512   663.6533333333333   1968   
512   729.8666666666667   1984   
512   887.8133333333334   1960   
512   1009.0933333333334   1976   
512   1062.1066666666666   2472   
512   1136.1333333333334   5760   
512   1187.92   5064   
512   1276.2666666666667   5840   
512   618.7733333333333   1344   
512   616.7466666666667   1096   
512   670.4533333333334   1968   
512   831.9466666666667   1936   
512   885.12   2064   
512   1042.48   2384   
512   1078.9866666666667   2392   
512   1147.04   2464   
512   1201.9466666666667   2384   
512   1300.0   3432   
512   1443.92   5528   
512   1594.64   5520   
512   1611.8666666666666   5488   
512   1600.7466666666667   8448   
512   1668.24   8432   
512   1724.7466666666667   5784   
512   1659.2266666666667   5544   
512   1829.6266666666668   8472   
512   1769.1466666666668   8568   
512   1785.7866666666666   8552   
512   1949.04   8408   
512   1996.2133333333334   8528   
512   2036.5333333333333   8576   
512   2086.0533333333333   8280   
512   627.4133333333333   1168   
512   593.52   1152   
512   660.7466666666667   1176   
512   726.5866666666667   2416   
512   839.7333333333333   2408   
512   968.1333333333333   2256   
512   1020.16   8480   
512   1288.6933333333334   8504   
512   1658.6666666666667   8488   
512   2212.96   8536   
512   2824.2933333333335   8488   
512   3561.4933333333333   8504   
512   4471.653333333334   8592   
512   5110.746666666667   8536   
512   5646.933333333333   8616   
512   5917.973333333333   8504   
512   5288.08   8456   
512   5849.6   8464   
512   6069.92   8480   
512   5968.56   8528   
512   6136.533333333334   8544   
512   5667.626666666667   8504   
512   6042.826666666667   8544   
512   6003.013333333333   8552   
512   5534.346666666666   8376   
512   6127.013333333333   8568   
512   702.9866666666667   5184   
512   617.0666666666667   2400   
512   753.0933333333334   8464   
512   933.12   8496   
512   1228.6933333333334   8464   
512   1773.3866666666668   8488   
512   2219.5466666666666   18504   
512   2975.6   18440   
512   3726.133333333333   18424   
512   4758.453333333333   18488   
512   6071.36   28512   
512   7553.866666666667   38520   
512   9282.426666666666   48528   
512   8061.413333333333   49112   
512   8620.426666666666   17928   
512   9073.333333333334   17920   
